12345670001
12345670002
12345670003
12345670004
12345670005
12345670006
12345670007
12345670008
12345670009
12345670010
12345670011
12345670012
12345670014
12345670015
12345670016
12345670017
12345670018
12345670019
12345670020
12345670021
12345670022
12345670023
12345670024
12345670025
12345670026
12345670027
12345670028
12345670029
12345670030
12345670031
12345670032
12345670033
12345670034
12345670035
12345670036
12345670037
12345670038
12345670039
12345670040
12345670041
12345670042
12345670043
12345670044
12345670045
12345670046
12345670047
12345670048
12345670049
12345670050
12345670051
12345670052
12345670053
12345670054
12345670055
12345670056
12345670057
12345670058
12345670059
12345670060
12345670061
12345670062
12345670063
12345670064
12345670065
12345670066
12345670067
12345670068
12345670069
12345670070
12345670071
12345670072
12345670073
12345670074
12345670075
12345670076
12345670077
12345670078
12345670079
12345670080
12345670081
12345670082
12345670083
12345670084
12345670085
12345670086
12345670087
12345670088
12345670089
12345670090
12345670091
12345670093
12345670094
12345670096
12345670097
12345670098
12345670099
12345670100
12345670101
12345670102
12345670103
12345670104
12345670106
12345670107
12345670108
12345670109
12345670110
12345670111
12345670112
12345670113
12345670114
12345670115
12345670116
12345670117
12345670118
12345670119
12345670120
12345670121
12345670122
12345670123
12345670124
12345670125
12345670126
12345670127
12345670128
12345670129
12345670130
12345670132
12345670133
12345670134
12345670135
12345670136
12345670137
12345670138
12345670139
12345670140
12345670141
12345670142
12345670143
12345670144
12345670145
12345670146
12345670147
12345670148
12345670149
12345670150
12345670151
12345670152
12345670153
12345670154
12345670155
12345670156
12345670157
12345670158
12345670159
12345670160
12345670161
12345670162
12345670163
12345670164
12345670165
12345670166
12345670167
12345670168
12345670169
12345670170
12345670171
12345670172
12345670173
12345670174
12345670175
12345670176
12345670177
12345670178
12345670181
12345670182
12345670183
12345670184
12345670185
12345670186
12345670187
12345670188
12345670189
12345670190
12345670191
12345670192
12345670193
12345670194
12345670195
12345670196
12345670197
12345670198
12345670199
12345670200
12345670201
12345670202
12345670203
12345670204
12345670205
12345670206
12345670207
12345670208
12345670209
12345670210
12345670211
12345670212
12345670213
12345670214
12345670215
12345670216
12345670217
12345670218
12345670219
12345670220
12345670221
12345670222
12345670223
12345670224
12345670225
12345670226
12345670227
12345670228
12345670229
12345670230
12345670231
12345670232
12345670233
12345670234
12345670235
12345670236
12345670237
12345670238
12345670239
12345670240
12345670241